,CoinName,0,1,class
6,Dash,16.453897,-12.961558,3
16,Spreadcoin,16.20374,-2.3997395,3
33,CryptCoin,17.427942,-2.050143,3
45,FeatherCoin,4.61631,-4.6084595,3
50,HyperStake,13.778588,-7.643132,3
52,IOCoin,16.740969,-13.865108,3
69,Orbitcoin,4.40879,-5.154249,3
76,SuperCoin,13.778659,-7.643142,3
77,SyncCoin,15.925588,-13.079755,3
82,TorCoin,16.168873,-12.51898,3
86,UroCoin,16.959269,-2.5636337,3
93,X11 Coin,16.323534,-13.7427435,3
116,Ucoin,13.778662,-7.643142,3
118,CypherPunkCoin,8.4122925,-1.8164647,3
126,IslaCoin,16.07457,-13.5066,3
128,MarsCoin ,16.357338,-1.9973515,3
132,BowsCoin,16.848457,-1.7677491,3
133,Squall Coin,11.3288965,-3.8937595,3
142,MindCoin,16.528143,-3.0523674,3
148,Hitcoin,19.286493,-12.021968,3
155,Adzcoin,16.322042,-2.8814807,3
159,EuropeCoin,17.800734,-12.258098,3
165,BolivarCoin,16.488914,-1.8814266,3
166,Ratecoin,17.509188,-13.664575,3
170,BitSend,17.336727,-12.712659,3
177,PizzaCoin,17.069174,-1.810074,3
178,Lutetium Coin,13.778623,-7.64312,3
180,GoldBlocks,16.842089,-12.853708,3
185,MustangCoin,15.963431,-13.171583,3
197,Halloween Coin,19.256033,-12.612707,3
207,InsaneCoin,16.682983,-13.261483,3
209,ArtexCoin,17.283316,-3.0874763,3
211,XenixCoin,16.16455,-13.599832,3
215,Kurrent,16.999454,-2.5241966,3
217,Eternity,16.871962,-12.261389,3
220,Stakenet,17.616505,-7.340123,3
223,Enigma,15.994096,-12.794668,3
230,LiteCreed,8.408707,-1.8861153,3
236,KushCoin,16.199467,-12.516225,3
238,PacCoin,18.345285,-2.4796045,3
245,VaultCoin,17.494638,-2.7842607,3
252,VirtacoinPlus,17.070795,-12.324911,3
254,Impact,17.555653,-13.381893,3
257,HappyCoin,17.176262,-12.697054,3
260,Condensate,18.259401,-12.658331,3
265,GoldReserve,16.76338,-13.058378,3
282,DigitalPrice,17.42496,-2.0605373,3
288,ArcticCoin,16.188272,-2.5064774,3
289,DAS,16.63714,-3.123973,3
297,Onix,17.52762,-2.6086652,3
300,Monoeci,16.60585,-13.887238,3
314,Cardano,22.175524,-52.741337,3
315,Regalcoin,16.576296,-12.290416,3
317,TrezarCoin,4.4084864,-5.1538486,3
318,Elements,17.42402,-3.0060647,3
320,VIVO Coin,4.616289,-4.608266,3
334,Pura,17.520445,-2.382725,3
335,Innova,4.6163583,-4.6081915,3
337,GoByte,4.61635,-4.6082435,3
338,Magnet,17.442656,-12.922903,3
349,AC3,16.942736,-3.2223113,3
354,PhantomX,17.110584,-13.544567,3
356,Sucre,17.228617,-1.8779554,3
357,SparksPay,4.616388,-4.6082926,3
359,GunCoin,4.616311,-4.6084585,3
363,Monkey Project,13.778663,-7.6431427,3
364,Pioneer Coin,16.242847,-2.1857927,3
366,Interzone,5.9716606,-9.664607,3
382,Crypto Improvement Fund,17.005283,-3.1894758,3
383,Stipend,5.9445534,-9.705668,3
385,Pushi,16.544992,-12.275062,3
403,FuturoCoin,16.74854,-2.4289484,3
411,Bitcoin Incognito,11.269951,-3.861741,3
431,Axe,16.27306,-2.820119,3
444,ARENON,13.778662,-7.6431417,3
445,EUNO,17.055502,-13.298084,3
450,PAXEX,13.778661,-7.643141,3
451,Azart,16.718939,-1.8251768,3
461,Junson Ming Chan Coin,13.777564,-7.642366,3
475,SLICE,8.412366,-1.816449,3
476,Dash Platinum,13.778663,-7.6431427,3
480,Award,17.897697,-12.274045,3
484,Insane Coin,16.871399,-13.812487,3
488,TruckCoin,17.586529,-14.088745,3
489,UFO Coin,4.61627,-4.6083937,3
495,PinkCoin,18.832838,-13.35986,3
499,Piggy Coin,19.205774,-12.937323,3
505,CapriCoin,17.959837,-13.429177,3
510,Creditbit ,17.37401,-9.28593,3
515,FriendshipCoin,4.4087806,-5.1540494,3
