,CoinName,0,1,class
4,Ethereum,16.220232,12.214208,1
5,Litecoin,2.8485599,7.4526525,1
7,Monero,14.205613,6.8362203,1
8,Ethereum Classic,16.220324,12.214227,1
9,ZCash,1.9825975,17.505049,1
10,Bitshares,-3.5988605,5.45542,1
11,DigiByte,-4.0915923,16.084087,1
14,ProsperCoin,4.440528,4.457714,1
17,Argentum,2.9792478,5.4809184,1
20,MyriadCoin,-4.093978,16.084026,1
21,MoonCoin,6.417678,13.528052,1
23,SexCoin,1.7189897,9.311303,1
24,Quatloo,2.114112,5.980022,1
28,Digitalcoin ,3.660028,6.222824,1
30,Catcoin,4.5878043,4.6526017,1
32,CannaCoin,5.1271334,4.5530024,1
34,CasinoCoin,-0.8187629,2.1455994,1
36,Verge,-4.091364,16.084087,1
38,EarthCoin,6.8330235,10.733553,1
39,E-Gulden,4.7218595,5.5261617,1
40,Einsteinium,2.2097642,9.968805,1
41,Emerald,4.16782,5.417159,1
43,FlutterCoin,0.57534945,5.243649,1
44,Franko,4.9580183,3.9997563,1
46,GrandCoin,4.1390166,10.416686,1
47,GlobalCoin,3.0695906,7.4584427,1
48,GoldCoin,2.9872158,6.7437024,1
51,Infinite Coin,7.36968,12.450937,1
54,KrugerCoin,1.84771,9.549657,1
55,LuckyCoin,4.8212647,5.4535155,1
56,Litebar ,5.7140174,4.283351,1
58,MegaCoin,3.8212144,6.35386,1
59,MediterraneanCoin,4.7334805,8.524356,1
61,MinCoin,5.356287,4.8094645,1
65,NobleCoin,6.2718205,9.693754,1
67,NyanCoin,2.5154269,10.195812,1
73,RonPaulCoin,4.5430827,4.0579834,1
74,StableCoin,1.0643619,8.001154,1
75,SmartCoin,3.539102,5.8903565,1
79,TeslaCoin,-4.5686755,16.072002,1
89,ViaCoin,4.581445,5.640706,1
90,VeriCoin,2.6373181,2.9043744,1
91,Vertcoin,0.5549964,-1.4531605,1
92,WorldCoin,1.607995,9.267861,1
94,Crypti,-4.56928,16.073593,1
98,ByteCoin,9.306982,18.424425,1
99,DigitalNote ,10.007631,19.46982,1
100,BurstCoin,-0.843291,2.1229522,1
102,MonaCoin,2.578646,7.6767497,1
105,Gulden,4.25138,10.342874,1
107,PesetaCoin,2.1914663,9.081393,1
109,Wild Beast Coin,5.2660975,3.8602128,1
111,Flo,2.2640505,9.202577,1
114,ArtByte,4.0276856,10.447223,1
115,Folding Coin,7.5001664,8.291305,1
117,Unitus,-4.094016,16.083921,1
119,OmniCron,5.5795302,5.0320997,1
121,GreenCoin,6.103666,10.02691,1
122,Cryptonite,8.304513,9.242008,1
123,MasterCoin,5.721724,4.2168064,1
125,1Credit,5.9048448,12.708945,1
129,Crypto,10.882379,11.413021,1
134,Song Coin,1.1791104,7.876033,1
135,BitZeny,1.3340731,8.689192,1
137,Expanse,16.220293,12.214175,1
139,Siacoin,5.679169,0.22951819,1
145,Revolution VR,2.209945,9.774822,1
146,HOdlcoin,6.484345,6.653432,1
149,Gamecredits,2.875066,7.6200714,1
156,SoilCoin,9.353207,1.6264036,1
157,YoCoin,1.2491239,7.076365,1
158,SibCoin,4.1273303,2.086321,1
162,SafeExchangeCoin,-0.8204094,2.14323,1
164,Francs,4.7776904,4.691483,1
171,Omni,5.5333514,3.987599,1
172,Let it Ride,-6.303807,7.238983,1
179,Komodo,2.2879448,18.578129,1
182,Karbo,10.346014,19.59621,1
187,Circuits of Value,-4.0940194,16.084007,1
189,DopeCoin,1.8358352,9.005226,1
192,Swiscoin,1.7341413,3.8122745,1
193,Shilling,4.129408,4.86562,1
198,ZCoin,12.673895,2.6528435,1
204,Elementrem,16.22019,12.21416,1
205,ZClassic,1.9825459,17.50512,1
206,ARK,-3.2995715,10.748909,1
208,KiloCoin,6.1799545,9.479579,1
224,Cannabis Industry Coin,10.098544,20.186262,1
231,OsmiumCoin,5.2675605,3.8946035,1
232,Bikercoins,10.368717,19.990406,1
233,HexxCoin,10.882341,11.413051,1
240,Citadel,14.20557,6.836142,1
242,FirstCoin,-0.23583238,6.361493,1
243,BeaverCoin,5.6869426,4.5934377,1
246,Zero,1.9824183,17.505033,1
248,Canada eCoin,2.7279265,8.227356,1
249,Zoin,10.88234,11.41305,1
251,DubaiCoin,7.448646,6.8109813,1
255,EB3coin,4.734048,10.116236,1
266,BenjiRolls,4.0440307,5.4889126,1
273,EquiTrader,2.7469504,5.680363,1
274,QTUM,-6.30341,7.239638,1
275,Quantum Resistant Ledger,14.205495,6.8361697,1
277,Dynamic,5.6176457,8.147555,1
278,Nano,5.6797075,0.2290979,1
279,ChanCoin,5.611458,7.1685357,1
280,Dinastycoin,9.676758,19.803356,1
285,Unify,4.888112,5.394849,1
287,SocialCoin,2.6003473,5.483564,1
291,LeviarCoin,10.346768,19.594229,1
293,Bitcore,7.4954123,3.206643,1
294,gCn Coin,7.3702736,12.974437,1
302,Vechain,2.91762,1.3259212,1
303,Sojourn Coin,6.189014,9.473374,1
305,NewYorkCoin,7.523629,12.469312,1
306,FrazCoin,4.8133025,4.918567,1
307,Kronecoin,2.4791107,5.9996915,1
308,AdCoin,2.3071146,6.671697,1
309,Linx,2.3190851,6.706605,1
312,Sumokoin,10.27756,20.09894,1
313,Obsidian,-3.59844,5.4508147,1
316,BitcoinZ,1.9864783,17.493738,1
321,Rupee,0.5339642,-1.4650557,1
322,Bitcoin Gold,1.9823374,17.504793,1
327,Pirl,9.353223,1.6263363,1
330,eBoost,2.7278013,8.22969,1
336,Ellaism,16.22033,12.214227,1
339,Lamden Tau,-3.2994342,10.748688,1
342,SHIELD,-4.0940475,16.084005,1
344,UltraNote,9.723351,19.25145,1
345,BitCoal,10.395144,19.930758,1
346,DaxxCoin,16.22033,12.21452,1
350,Lethean,14.205623,6.8366117,1
353,PopularCoin,5.645152,10.203218,1
360,IrishCoin,3.2083485,6.8225703,1
367,TokenPay,-6.3038073,7.238983,1
368,1717 Masonic Commemorative Token,16.603636,12.298818,1
369,My Big Coin,0.5849644,4.036253,1
370,TurtleCoin,7.1355104,14.669993,1
371,MUNcoin,8.48033,5.934413,1
373,Niobio Cash,9.922928,20.177977,1
374,ShareChain,6.7398024,10.608664,1
375,Travelflex,9.35319,1.6263443,1
376,KREDS,0.5548838,-1.453229,1
378,BiblePay,-0.8968641,7.411876,1
379,LitecoinCash,0.8316604,11.419512,1
380,BitFlip,3.8131423,5.067404,1
381,LottoCoin,6.8706007,10.846365,1
384,Poa Network,1.4903094,2.3278828,1
389,Callisto Network,16.220419,12.21453,1
390,BitTube,9.672114,19.91563,1
391,Poseidon,4.440485,4.292323,1
392,Aidos Kuneen,6.5830455,7.805508,1
396,Bitrolium,1.9826108,17.505093,1
398,Alpenschillling,12.673903,2.6529417,1
406,Monero Classic,10.348208,19.604055,1
407,Proton,-4.715949,1.3840768,1
410,Infinex,10.88234,11.413052,1
412,KEYCO,8.080778,4.409806,1
414,GINcoin,12.673895,2.6528437,1
415,PlatinCoin,9.905618,20.172081,1
416,Loki,10.488762,8.386619,1
417,Newton Coin,9.519868,18.8583,1
420,MassGrid,4.114981,8.878533,1
422,PluraCoin,9.665907,19.885572,1
425,Lynx,3.137076,12.286249,1
428,Muse,-3.931985,10.683367,1
429,Motion,-4.680197,1.3813223,1
430,PlusOneCoin,7.393639,5.542582,1
432,Trivechain,-4.7249503,1.3158532,1
436,Absolute Coin,0.51313245,-1.5466349,1
438,HexCoin,4.442213,4.106112,1
440,Webchain,14.205599,6.8365073,1
441,Ryo,4.7428503,7.6650457,1
443,Qwertycoin,10.484854,8.392577,1
453,Kcash,-3.4789183,5.436823,1
454,Xchange,-4.6801257,1.3813305,1
455,Acute Angle Cloud,-0.5743602,8.997581,1
456,CrypticCoin,1.9845605,17.5056,1
458,Actinium,12.673972,2.65269,1
462,FREDEnergy,10.139348,19.465109,1
464,Universal Molecule,10.703376,5.295901,1
465,Lithium,10.703366,5.295928,1
466,PirateCash,1.3948926,17.816662,1
467,Exosis,6.250729,2.1211488,1
468,Block-Logic,2.034153,6.943654,1
470,Beam,1.9825937,17.505291,1
472,Bithereum,1.9824556,17.504805,1
485,ALAX,-3.2991357,10.7486,1
487,SolarCoin,5.9097905,12.725222,1
491,BlakeCoin,10.703169,5.2962403,1
496,Crypto Escudo,4.0271177,10.446611,1
502,SmileyCoin,6.994241,11.5442,1
508,Bata,5.6028256,4.7752085,1
509,Pakcoin,1.6158546,8.260502,1
512,Lisk,-3.299601,10.748878,1
516,JoinCoin,-4.0940247,16.083961,1
518,Vollar,8.526687,7.4881988,1
519,EOS,-3.2992558,10.748718,1
520,Reality Clash,16.22019,12.214161,1
521,Oxycoin,-3.2992542,10.748718,1
523,Waves,-0.7491999,5.021681,1
525,BitTorrent,7.446976,14.576147,1
529,Beldex,9.670633,19.84627,1
530,Horizen,1.9825974,17.505049,1
