,CoinName,0,1,class
0,42 Coin,-6.673786,-16.979353,2
1,404Coin,-2.400818,-11.468277,2
2,EliteCoin,-14.78783,-17.44475,2
15,KoboCoin,-5.7688136,-7.30099,2
18,Aurora Coin,-5.910145,-15.313155,2
19,BlueCoin,-3.3750184,-12.384894,2
25,EnergyCoin,-4.721086,-13.73285,2
27,Riecoin,4.661539,-13.586426,2
29,BitBar,-7.0208616,-16.872694,2
31,CryptoBullion,-6.6630216,-16.855518,2
35,Diamond,4.6034193,-13.620446,2
49,HoboNickels,-5.261822,-12.595872,2
57,MaxCoin,-9.25168,-11.380645,2
64,NavCoin,-15.782558,-16.96554,2
68,OpalCoin,-15.8158,-17.224525,2
70,PotCoin,-4.003409,-11.653432,2
71,PhoenixCoin,-5.4897594,-12.759605,2
72,Reddcoin,-0.6142203,-13.711843,2
81,TittieCoin,-9.008266,-6.379259,2
87,UnitaryStatus Dollar,-1.9690135,-11.651283,2
88,UltraCoin,-6.0497813,-12.672811,2
96,StealthCoin,-15.7826805,-16.965689,2
97,ZCC Coin,-3.8828003,-10.319914,2
104,FairCoin,4.60326,-13.620598,2
108,Kore,-15.815824,-17.224758,2
112,8BIT Coin,-6.2517776,-16.845778,2
113,Sativa Coin,-15.811961,-17.225754,2
120,Vtorrent,-6.3944225,-15.437988,2
127,Nexus,-9.457711,-11.195726,2
131,Droidz,-3.5297158,-15.077794,2
138,Paycon,-15.811609,-17.225603,2
141,EverGreenCoin,-5.7594633,-7.301107,2
144,Decred,-0.42480978,-6.920328,2
152,PWR Coin,1.443494,-21.215345,2
153,BillaryCoin,-7.1571746,-14.517745,2
169,VIP Tokens,1.4450432,-21.21576,2
173,PutinCoin,-1.8779836,-11.754335,2
174,iBankCoin,-7.4179463,-14.560305,2
175,Frankywillcoin,-5.125963,-12.789334,2
176,MudraCoin,-16.943842,-16.596836,2
181,CarterCoin,-6.2567096,-12.791259,2
186,ZoneCoin,-7.1657796,-15.731026,2
188,RootCoin,-6.153964,-16.78167,2
194,BuzzCoin,-5.827395,-20.64489,2
196,PesoBit,-5.1512794,-15.264942,2
200,RoyalCoin,-16.943762,-16.59696,2
201,GanjaCoin V2,-3.9345028,-17.218884,2
203,LanaCoin,-5.827439,-20.644846,2
210,EmberCoin,-15.455097,-16.692087,2
213,PLNCoin,-6.6091604,-14.437903,2
214,AquariusCoin,-7.5241075,-14.757694,2
219,BitcoinFast,-6.2927475,-14.561564,2
221,BitConnect Coin,-6.7243195,-15.041375,2
222,MoneyCoin,-4.5730863,-10.443046,2
225,Russiacoin,-6.704957,-11.930329,2
227,GameUnits,-6.6969557,-16.047153,2
228,GAKHcoin,-6.19237,-16.419397,2
234,Klingon Empire Darsek,-4.8440104,-10.626198,2
237,Printerium,-6.376661,-15.428662,2
239,Impeach,-7.4515595,-15.811631,2
244,FindCoin,-16.943758,-16.596958,2
247,OpenChat,-2.246601,-11.466576,2
253,TajCoin,-3.2919128,-16.101496,2
258,Coinonat,1.8969392,-21.379974,2
261,Independent Money System,-6.881874,-15.599209,2
262,ArgusCoin,-7.4820733,-15.388939,2
263,LomoCoin,-4.038861,-10.224796,2
270,Degas Coin,-6.737252,-12.556801,2
271,HTML5 Coin,-5.7710304,-7.303006,2
276,Espers,-3.2938962,-14.136084,2
281,Denarius,1.4452941,-21.215395,2
283,Virta Unique Coin,1.4450414,-21.21572,2
284,Bitcoin Planet,-1.928317,-18.071188,2
286,BritCoin,-15.811753,-17.22565,2
290,Linda,-1.3574525,-15.145211,2
292,DeepOnion,-15.782646,-16.965542,2
295,SmartCash,1.9442931,-9.542628,2
298,Cream,-1.9283683,-18.07121,2
310,CoinonatX,-6.7524147,-14.033488,2
311,Ethereum Dark,-6.1985536,-16.315159,2
319,TerraNovaCoin,-7.1955094,-16.106583,2
323,WomenCoin,-0.48955074,-14.141545,2
325,NamoCoin,1.4447649,-21.215975,2
326,LUXCoin,-8.993096,-6.441186,2
328,Xios,-7.23835,-15.757406,2
332,BlackholeCoin,-5.931026,-15.503385,2
340,Electra,1.4336401,-21.209383,2
341,Bitcoin Diamond,-15.781421,-16.965914,2
343,Cash & Back Coin,-5.0484924,-11.991011,2
347,Bulwark,1.8343443,-21.579262,2
351,GermanCoin,-1.387397,-15.16004,2
352,LiteCoin Ultra,-6.6696854,-11.8639145,2
355,Photon,-0.39115307,-6.8514004,2
361,Trollcoin,-2.7112598,-11.280013,2
362,Litecoin Plus,-6.5237923,-16.436985,2
372,Unified Society USDEX,-4.0597053,-12.010177,2
377,Tokyo Coin,-16.943789,-16.596811,2
386,Ellerium,-3.8703487,-3.3198295,2
393,Bitspace,1.4451469,-21.215622,2
394,Briacoin,-7.119759,-16.665098,2
395,Ignition,-7.1020317,-16.547205,2
401,Abjcoin,-6.873569,-15.005372,2
408,iDealCash,-1.6704092,-12.58996,2
409,Jumpcoin,1.896947,-21.379965,2
418,Swisscoin,-1.0899458,-13.384574,2
421,TheVig,-5.8273296,-20.64476,2
423,EmaratCoin,-6.8278146,-12.969184,2
424,Dekado,-5.7721825,-7.177668,2
439,TPCash,-4.0351543,-10.225725,2
442,Urals Coin,-3.8399882,-3.232937,2
449,XDNA,1.9004629,-9.594843,2
452,ThunderStake,-1.8288773,-13.466751,2
457,Bettex coin,-3.8637195,-3.2341533,2
460,BitMoney,-3.6950612,-2.8446176,2
469,Oduwa,-6.216585,-15.217095,2
474,Credit,-1.0061842,-15.127311,2
477,Nasdacoin,-6.851102,-12.972363,2
478,Beetle Coin,-3.8704467,-3.3197284,2
479,Titan Coin,-5.8274436,-20.644844,2
482,Bitcoin Rhodium,-16.564451,-17.416885,2
486,LiteDoge,-1.3271883,-15.021801,2
490,OrangeCoin,-6.4140515,-11.478634,2
492,BitstarCoin,-6.833885,-13.808629,2
494,HyperCoin,-5.80444,-16.292519,2
497,AudioCoin,-1.706789,-13.199601,2
501,Genstake,-5.0028477,-14.448909,2
503,XiaoMiCoin,-3.5650477,-11.939562,2
504,Groestlcoin,4.6615562,-13.586395,2
506, ClubCoin,-5.1221433,-12.287335,2
514,WhiteCoin,-3.9605234,-11.91088,2
517,Triangles Coin,-15.8159075,-17.22479,2
528,Gapcoin,-6.1132116,-11.327582,2
